,0
0,0.0
1,0.0
2,0.0
3,0.0
4,0.0
5,0.0
6,0.0
7,0.04624949904450915
8,0.1273154761904762
9,0.05411841717790844
10,0.0322788006204637
11,0.04523607424608941
12,0.09556619411111598
13,0.06993795105045811
14,0.0160731069343177
15,0.013582522480091926
16,0.06661669975018139
17,0.15545835505919536
18,0.07580379783886147
19,0.04727757285731018
20,0.04813884441259454
21,0.054608947778224864
22,0.07244120180403961
23,0.05908920542302601
24,0.2380191798941799
25,0.04658166227623375
26,0.05652517135092639
27,0.050881755169606566
28,-0.041666666666666685
29,0.06543399155810314
30,0.03908599653566424
31,0.1368322646782445
32,0.03000393222083116
33,0.0
34,0.060812101931881885
35,0.0
36,0.07369820935261402
37,0.0059523809523809494
38,0.00833333333333336
39,0.0733984611587895
40,0.0
41,0.0
42,0.0
43,0.0
44,0.0
45,0.05892232927436218
46,0.0
47,0.0
48,0.03558935720349596
49,0.0
50,-0.22499999999999998
51,0.0
52,0.0
53,0.06842039408678503
54,0.0
55,0.06546251918070578
56,0.0
57,0.0
58,0.0
59,0.06113231931499294
60,0.05275881601911759
61,0.03453811400395573
62,0.04693063793984495
63,0.06171390822050333
64,0.05931803830089252
65,0.20671295461226016
66,0.0
67,0.026839653402153406
68,0.04546433993420601
69,-0.0459049959049959
70,0.0
71,0.0886631513160355
72,0.0
73,0.0
74,0.04485633776265989
75,0.0
76,0.0
77,0.0
78,0.0
79,0.0
80,0.08240401165474955
81,0.0937840434174868
82,0.0511647072240249
83,0.0
84,0.04034308603274121
85,0.0
86,0.06762103855980091
87,0.10886897798775871
88,0.1022351593658578
89,0.09224209705444188
90,0.08707752063316083
91,0.0
92,0.0
93,0.0
94,0.0
95,0.0
96,0.0
97,0.0
98,0.0
99,0.0
100,0.0
101,0.0
102,0.0
103,0.0
104,0.0
105,0.0
106,0.021539031733836943
107,0.0
108,0.0
109,0.0
110,0.0
111,0.0
112,0.0
113,0.0
114,0.0
115,0.0
116,0.0
117,0.0
118,0.0
119,0.14479033149296505
120,0.0
121,0.0
122,0.0
123,0.0
124,0.0
125,0.0
126,0.0
127,0.0
128,0.0
129,0.0
130,0.0
131,0.0
132,0.0
133,0.0
134,0.0
135,0.0
136,0.0
137,0.0
138,0.0
139,0.0
140,0.0
141,0.0
142,0.0
143,0.0
144,0.0
145,0.0
146,0.0
147,0.0
148,0.0
149,0.0
150,0.0
151,0.0
